#MiniLight

100

280 280

(-0.25 0.85 -0.85) (0 -1 1) 45


(0 0 0) (0 0 0)


(-0.5 0 -0.5) (-0.5 0 0.5) (0.5 0 -0.5)  (0.75 0.75 0.75) (0 0 0)
( 0.5 0 -0.5) (-0.5 0 0.5) (0.5 0  0.5)  (0.75 0.75 0.75) (0 0 0)

(-0.75 -0.25 -0.125) (-0.75 0.25 -0.125) (-0.75 -0.25 0.125)  (0.75 0.75 0.75) (0 0 0)
(-0.75 -0.25  0.125) (-0.75 0.25 -0.125) (-0.75  0.25 0.125)  (0.75 0.75 0.75) (0 0 0)

(-0.5 -0.25 -0.25) (-0.5 -0.25 0.25) (-0.5 0 -0.25)  (0 0 0) (1000 1000 1000)
(-0.5  0    -0.25) (-0.5 -0.25 0.25) (-0.5 0  0.25)  (0 0 0) (1000 1000 1000)


(-0.25  0      0    ) (-0.162 0     0.088) (-0.25  0.125  0    )  (0.75 0.75 0.75) (0 0 0)
(-0.25  0.125  0    ) (-0.162 0     0.088) (-0.162 0.125  0.088)  (0.75 0.75 0.75) (0 0 0)

(-0.073 0      0    ) (-0.073 0.125 0    ) (-0.162 0      0.088)  (0.75 0.75 0.75) (0 0 0)
(-0.162 0      0.088) (-0.073 0.125 0    ) (-0.162 0.125  0.088)  (0.75 0.75 0.75) (0 0 0)

(-0.25  0      0    ) (-0.25  0.125 0    ) (-0.162 0     -0.088)  (0.75 0.75 0.75) (0 0 0)
(-0.162 0     -0.088) (-0.25  0.125 0    ) (-0.162 0.125 -0.088)  (0.75 0.75 0.75) (0 0 0)

(-0.073 0      0    ) (-0.162 0    -0.088) (-0.073 0.125  0    )  (0.75 0.75 0.75) (0 0 0)
(-0.073 0.125  0    ) (-0.162 0    -0.088) (-0.162 0.125 -0.088)  (0.75 0.75 0.75) (0 0 0)

(-0.25  0.125  0    ) (-0.162 0.125 0.088) (-0.073 0.125  0    )  (0.75 0.75 0.75) (0 0 0)
(-0.162 0.125 -0.088) (-0.25  0.125 0    ) (-0.073 0.125  0    )  (0.75 0.75 0.75) (0 0 0)
