#MiniLight

100

280 280

(0 0.650 -1.273) (0 -0.425 1) 45


(0 0 0) (0 0 0)


(-20 0 -20) (-20 0 20) (20 0 -20)  (0.75 0.75 0.75) (0 0 0)
( 20 0 -20) (-20 0 20) (20 0  20)  (0.75 0.75 0.75) (0 0 0)


(-0.05 0.15 -0.05) (-0.05 0.15 0.05) ( 0.05 0.15 -0.05)  (0.75 0.75 0.75) (0 0 0)
( 0.05 0.15 -0.05) (-0.05 0.15 0.05) ( 0.05 0.15  0.05)  (0.75 0.75 0.75) (0 0 0)

(-0.05 0.4  -0.05) ( 0.05 0.4 -0.05) (-0.05 0.4   0.05)  (0 0 0) (500 500 500)
(-0.05 0.4   0.05) ( 0.05 0.4 -0.05) ( 0.05 0.4   0.05)  (0 0 0) (500 500 500)


(-0.5  0.5 -0.5) (-0.5  0.5  0.5) ( 0.5  0.5 -0.5)  (0.75 0.75 0.75) (0 0 0)
( 0.5  0.5 -0.5) (-0.5  0.5  0.5) ( 0.5  0.5  0.5)  (0.75 0.75 0.75) (0 0 0)

(-0.5 10.5 -0.5) ( 0.5 10.5 -0.5) (-0.5 10.5  0.5)  (0 0 0) (5000 5000 5000)
(-0.5 10.5  0.5) ( 0.5 10.5 -0.5) ( 0.5 10.5  0.5)  (0 0 0) (5000 5000 5000)
